refseq|NC_002516.2|chromosome	680467	724599	1	1	0	1	0	24
refseq|NC_002516.2|chromosome	688162	722461	2	2	0	1	0	21
refseq|NC_002516.2|chromosome	724350	724566	1	3	0	1	0	24
refseq|NC_002516.2|chromosome	724626	1453368	1	1	0	4	0	16
refseq|NC_002516.2|chromosome	726943	1453368	1	1	0	41	0	16
refseq|NC_002516.2|chromosome	727173	3343915	2	2	0	5	0	14
refseq|NC_002516.2|chromosome	1060456	1072833	1	1	0	1	0	14
refseq|NC_002516.2|chromosome	1096909	1453368	1	1	0	5	0	16
refseq|NC_002516.2|chromosome	2525260	2525829	1	1	0	1	0	13
refseq|NC_002516.2|chromosome	4423090	4785724	1	1	0	5	0	12
refseq|NC_002516.2|chromosome	4785655	4790519	2	2	0	1	0	14
refseq|NC_002516.2|chromosome	4785655	4791641	2	2	0	1	0	14
refseq|NC_002516.2|chromosome	5072671	5086975	2	2	0	1	0	15
refseq|NC_002516.2|chromosome	5072671	5087140	2	2	0	2	0	15
refseq|NC_002516.2|chromosome	5072671	5265257	2	2	0	52	0	15
refseq|NC_002516.2|chromosome	5072671	5265603	2	2	0	4	0	15
refseq|NC_002516.2|chromosome	5072671	5265924	2	2	0	26	0	15
refseq|NC_002516.2|chromosome	5072671	5268316	2	2	0	20	0	15
refseq|NC_002516.2|chromosome	5072671	5268325	2	2	0	7	0	15
refseq|NC_002516.2|chromosome	5072671	5269379	2	2	0	3	0	15
refseq|NC_002516.2|chromosome	5141876	5264125	2	2	0	4	0	14
refseq|NC_002516.2|chromosome	5141876	5265924	2	2	0	4	0	14
refseq|NC_002516.2|chromosome	5141876	5266099	2	2	0	3	0	14
refseq|NC_002516.2|chromosome	5141876	5266867	2	2	0	3	0	14
refseq|NC_002516.2|chromosome	5141876	5268316	2	2	0	664	0	14
refseq|NC_002516.2|chromosome	5141876	5268506	2	2	0	19	0	14
refseq|NC_002516.2|chromosome	5141876	5268809	2	2	0	3	0	14
refseq|NC_002516.2|chromosome	5173769	5265146	2	2	0	4	0	14
refseq|NC_002516.2|chromosome	5173769	5265450	2	2	0	3	0	13
refseq|NC_002516.2|chromosome	5713590	6040252	1	1	0	6	0	12
